Family	Seed	FSERIES	FCLONE	MSERIES	MCLONE	gf	growth	straight	branch	dr	wd	spiral	stiff
05-836	0.19	887	825	875	220	17.40	19.10	21.20	21.40	16.85	28.40	22.60	15.72
05-848	0.13	885	1	875	220	17.40	19.90	21.45	23.10	23.90	26.95	23.35	16.31
05-861	0.10	875	51	875	242	22.50	17.75	20.85	22.50	24.95	26.50	21.57	18.33
05-831	0.11	880	739	875	220	23.75	18.75	21.40	22.60	17.95	25.95	16.92	13.52
04-537	0.20	875	76	875	242	27.90	20.50	17.30	21.90	28.25	25.80	22.95	15.56
04-553	0.27	887	825	268	531	18.40	21.20	17.05	21.95	15.70	25.75	23.38	12.28
04-550	0.15	885	1	268	262	15.90	21.70	21.00	24.60	22.50	25.05	25.71	14.48
04-534	0.10	875	66	880	656	24.35	18.05	24.65	25.40	15.85	24.85	24.19	16.01
04-539	0.10	875	293	875	242	29.45	22.35	19.85	23.10	24.75	24.75	25.96	16.44
05-832	0.10	887	702	880	729	18.40	15.55	23.05	17.65	16.55	24.75	25.12	13.85
04-552	1.00	885	429	268	531	18.40	21.10	18.00	21.85	20.10	24.55	23.15	17.39
05-844	0.03	885	1	880	729	18.40	19.00	23.30	21.55	23.60	24.50	25.10	15.39
04-551	0.04	885	1	268	531	18.40	22.00	17.30	23.65	22.75	24.30	24.13	12.88
05-849	0.43	885	1	875	293	19.75	21.90	21.25	23.85	25.05	24.20	26.50	14.11
05-856	0.31	268	131	875	220	22.60	20.55	19.65	20.85	15.30	24.05	18.95	17.70
04-548	0.93	880	739	880	656	24.20	19.35	22.65	24.50	17.55	23.75	17.78	10.29
02-155	0.04	875	220	100	2	17.40	17.10	20.30	20.15	16.85	23.50	20.33	17.70
05-839	0.12	880	730	875	954	24.60	21.70	20.55	20.65	21.55	23.45	20.50	15.55
05-867	0.10	875	293	880	729	27.05	18.60	24.15	20.10	18.85	23.40	26.47	14.27
05-833	0.14	880	741	875	954	26.75	20.10	18.35	20.15	15.50	23.30	19.53	18.00
05-850	0.72	268	54	875	220	23.40	20.35	20.55	21.30	21.65	23.20	21.50	15.33
05-874	1.99	268	531	875	293	27.05	21.60	18.15	22.20	18.00	23.20	25.51	11.76
05-870	0.88	875	43	268	323	15.00	17.80	22.95	23.40	13.20	23.00	23.03	16.78
05-857	0.34	268	131	875	242	26.00	23.40	17.20	22.30	20.90	22.95	20.19	18.94
05-829	0.03	880	777	875	223	19.95	23.20	21.35	23.45	16.60	22.80	20.11	8.56
05-845	0.03	875	262	875	954	26.50	20.85	21.50	22.80	17.00	22.70	18.36	17.56
02-161	0.07	875	250	875	954	27.30	20.70	19.60	21.55	25.35	22.50	20.34	15.65
05-851	3.77	875	954	880	729	28.20	18.95	23.45	19.65	17.85	22.50	22.08	16.77
05-869	0.24	850	553	875	242	20.80	19.95	17.85	21.60	22.45	22.40	21.57	18.94
05-838	0.09	880	733	875	223	20.70	24.00	18.75	23.65	18.40	22.40	19.72	12.60
05-806	6.82	875	954	268	547	28.65	22.55	20.85	21.65	20.05	22.35	21.40	14.07
05-807	2.07	885	429	875	223	14.90	23.65	19.10	23.40	20.30	22.35	22.15	15.73
04-542	0.26	875	954	268	405	24.25	21.65	19.25	19.75	19.45	22.05	24.97	16.66
04-528	14.25	268	323	875	66	21.10	19.70	24.70	24.20	16.20	21.85	26.04	18.64
05-842	0.41	885	1	268	323	14.60	22.15	22.75	23.80	23.85	21.75	26.05	15.71
05-873	2.13	268	131	880	729	23.60	19.65	21.50	19.30	15.00	21.60	20.70	16.77
05-830	0.54	880	656	875	223	21.65	22.75	20.70	24.90	16.65	21.55	22.20	9.07
05-824	0.03	880	754	880	729	27.00	18.65	20.70	22.10	18.75	21.40	24.71	13.70
05-858	0.28	268	248	268	323	19.50	20.40	24.00	19.20	14.15	21.30	23.56	17.10
05-860	9.84	268	323	268	248	19.50	20.40	24.00	19.20	14.15	21.30	23.56	17.10
05-827	0.62	880	729	875	223	22.20	21.25	21.30	21.45	16.75	21.30	23.10	11.38
04-531	0.38	268	543	880	656	27.80	23.00	23.20	21.45	16.45	21.20	21.37	14.46
05-863	2.30	268	543	880	656	27.80	23.00	23.20	21.45	16.45	21.20	21.37	14.46
05-865	0.02	268	531	875	223	22.20	24.25	15.30	23.55	15.90	21.10	22.13	8.86
05-843	0.26	880	660	268	323	21.20	22.30	23.10	22.40	22.80	20.75	23.81	15.69
05-895	0.10	875	293	268	323	23.25	21.75	23.60	22.35	19.10	20.65	27.42	14.59
05-826	14.61	880	729	268	315	27.15	19.60	22.60	18.25	20.05	20.50	23.47	14.91
05-859	0.41	268	315	875	293	28.50	22.50	20.55	20.55	21.50	20.20	24.87	13.64
05-854	9.03	268	65	880	729	23.60	18.65	22.45	18.85	16.25	20.10	23.23	13.55
05-872	1.10	875	256	875	223	19.65	23.55	18.65	22.50	15.90	20.10	21.23	8.64
02-158	0.17	875	225	100	2	17.10	17.70	19.00	20.05	10.45	19.45	21.17	16.65
04-521	2.10	268	109	268	248	25.65	22.20	21.45	18.40	14.75	19.30	19.47	11.77
05-853	0.20	268	41	875	293	29.45	25.15	21.10	23.00	21.95	19.25	23.77	14.76
05-862	5.34	268	405	268	41	24.15	24.95	18.95	20.80	22.10	19.10	25.25	15.92
04-527	0.19	268	315	268	556	24.95	20.85	19.95	20.85	19.40	19.00	22.57	12.51
99-306	9.12	268	109	880	729	28.05	20.65	23.10	19.25	18.25	18.95	21.92	10.54
04-543	14.70	880	692	880	729	25.80	19.05	21.80	18.85	21.35	18.95	23.36	11.39
05-834	2.05	880	692	880	729	25.80	19.05	21.80	18.85	21.35	18.95	23.36	11.39
99-197	2.70	268	65	875	954	26.10	21.90	19.70	20.70	16.70	18.90	20.25	14.78
99-405	2.27	268	323	880	754	23.20	21.80	20.15	24.35	19.00	18.65	25.66	14.02
05-855	0.23	268	117	268	323	16.55	22.55	21.75	23.80	15.70	18.50	24.49	14.64
98-738	8.18	268	109	880	728	30.30	24.40	18.85	22.05	20.20	18.45	16.55	8.62
05-894	0.26	0	0	0	2	11.10	16.70	18.10	19.40	15.70	18.40	19.10	18.00
05-821	62.47	0	0	20	20	11.10	16.70	18.10	19.40	15.70	18.40	19.10	18.00
04-500	0.55	0	0	20	20	11.10	16.70	18.10	19.40	15.70	18.40	19.10	18.00
05-822	46.10	0	0	23	23	11.10	16.70	18.10	19.40	15.70	18.40	19.10	18.00
05-893	0.01	268	323	103	2	14.60	19.35	21.60	20.85	16.80	18.30	23.03	17.10
99-311	3.62	268	323	268	543	24.55	24.65	23.25	20.25	16.80	18.20	23.22	17.10
05-868	0.30	268	545	870	613	21.95	26.50	13.55	13.90	14.60	18.15	21.75	16.93
05-864	0.08	268	532	875	954	28.55	25.20	20.25	21.30	16.60	18.05	18.94	15.69
05-892	0.04	268	514	103	3	13.50	17.85	18.85	23.00	19.80	18.05	18.59	18.00
05-866	0.15	268	514	268	323	17.00	20.50	22.35	24.45	20.90	17.95	22.52	17.10
05-837	0.10	268	315	886	729	19.85	20.10	18.55	19.05	19.20	17.85	20.48	16.14
05-828	0.10	875	65	268	315	19.85	20.10	18.55	19.05	19.20	17.85	20.48	16.14
99-125	9.86	850	55	880	728	31.10	26.70	18.85	23.05	17.65	17.55	18.43	14.17
99-302	4.27	268	109	268	556	25.85	21.90	20.45	21.85	17.60	17.45	21.02	8.13
00-556	0.54	268	539	875	262	27.15	22.65	21.80	22.25	17.75	17.40	18.95	17.21
04-518	4.84	268	65	268	315	25.05	22.55	18.85	19.30	18.90	16.90	21.63	12.92
05-852	5.60	268	65	268	315	25.05	22.55	18.85	19.30	18.90	16.90	21.63	12.92
99-404	8.98	268	323	268	41	24.30	25.40	22.60	22.95	20.75	16.80	23.31	16.36
98-207	2.01	268	54	268	62	23.30	26.05	19.65	21.50	30.10	16.75	20.99	12.98
03-518	3.47	880	692	268	315	27.25	22.95	18.20	19.30	24.00	15.75	21.76	10.76
05-840	1.69	880	692	268	315	27.25	22.95	18.20	19.30	24.00	15.75	21.76	10.76
99-330	0.54	850	55	199	1	21.55	23.45	19.05	21.05	14.85	15.40	20.82	17.32
99-331	2.13	850	55	199	999	21.55	23.45	19.05	21.05	14.85	15.40	20.82	17.32
00-560	0.10	850	55	998	1	21.55	23.45	19.05	21.05	14.85	15.40	20.82	17.32
98-758	7.20	850	55	999	1	21.55	23.45	19.05	21.05	14.85	15.40	20.82	17.32